15000 105000
0 1 80.8082
0 2 83.9081
0 6 94.936
0 36 18.8156
0 60 79.9747
0 1047 50.7736
0 2137 67.7293
0 2974 82.2099
0 11895 49.1038
0 12450 65.879
0 6205 80.0397
0 5604 52.482
0 4305 74.7448
0 2055 58.9265
0 12041 54.3146
0 5417 31.2677
0 10954 48.6179
0 14671 97.5124
1 0 80.8082
1 3 3.18467
1 4 50.9424
1 5 25.368
1 7 8.03377
1 20 51.0164
1 29 13.8018
1 81 12.1454
1 102 35.0296
1 144 61.4664
1 1685 92.1456
1 1799 73.1181
1 1864 58.7181
1 3243 62.8868
1 3463 25.1762
1 6371 61.0956
1 6103 94.226
1 14816 62.5724
1 7742 92.3911
1 1757 69.9138
1 1120 1.86497
1 14053 73.6148
1 1441 47.3689
1 12624 82.4454
2 0 83.9081
2 313 21.3851
2 345 33.1573
2 450 42.0174
2 2771 71.1156
2 3559 80.3447
2 4438 47.7156
2 5816 72.7799
2 6527 44.1612
2 13864 97.9232
2 7522 61.2402
2 9379 61.1994
2 2313 67.3507
2 11560 28.1339
2 5980 38.7465
2 7233 24.8888
2 8848 47.7582
3 1 3.18467
3 10 23.4143
3 11 37.2319
3 26 65.4054
3 57 29.3963
3 61 48.1123
3 601 26.6597
3 1651 26.2184
3 5000 84.4096
3 11052 66.3599
3 11501 61.2669
3 13174 61.907
3 5524 76.9689
3 13051 75.8172
3 12904 13.4311
3 8832 77.5551
3 5044 1.14155
4 1 50.9424
4 12 86.082
4 15 58.9902
4 23 92.0151
4 49 55.9469
4 105 29.8173
4 217 64.8801
4 559 7.8548
4 2792 78.958
4 3769 91.3908
4 4161 91.3265
4 4385 78.961
4 6210 59.1905
4 8551 7.20602
4 9402 74.0552
4 12425 69.5497
4 12689 18.8278
4 1674 25.6144
4 11935 74.0557
4 5624 50.5523
4 9013 79.2038
4 1209 53.0719
5 1 25.368
5 63 14.6038
5 159 74.3945
5 1359 36.29
5 2669 7.61312
5 5179 30.8696
5 6024 43.3556
5 10614 42.4584
5 341 53.9667
5 13363 66.2431
5 10433 20.0618
5 12218 62.2785
6 0 94.936
6 8 88.1084
6 46 31.7029
6 64 51.4291
6 67 32.4696
6 173 93.8669
6 1252 59.2379
6 1257 90.4944
6 1529 7.70657
6 5067 6.72213
6 11489 51.6781
6 12704 94.2762
6 12228 37.8648
6 14666 37.1558
6 7111 95.3513
6 5712 16.7042
6 9542 92.5585
7 1 8.03377
7 9 26.073
7 16 84.4126
7 37 76.6936
7 1601 59.8755
7 3788 37.5548
7 5897 16.1015
7 13143 91.218
7 11830 89.6003
7 14005 32.5523
7 13297 59.3491
7 4828 81.3936
7 11570 20.4772
8 6 88.1084
8 25 70.7243
8 2239 40.0748
8 8166 4.71105
8 7531 12.4773
8 10634 63.9249
8 14605 76.8906
8 7212 85.1775
8 13595 93.1135
8 7432 57.6702
8 10764 33.5525
9 7 26.073
9 19 59.4539
9 59 21.5256
9 95 53.1193
9 109 52.4246
9 587 49.1325
9 1144 96.7225
9 1502 63.2399
9 3227 10.2432
9 3311 23.4059
9 9787 12.0739
9 11719 73.7512
9 11569 82.6077
9 10888 87.1561
9 966 72.3717
9 14759 9.17494
9 3755 54.0097
9 10164 87.6178
9 13507 71.8274
9 2995 64.7394
10 3 23.4143
10 14 55.3221
10 91 28.3786
10 177 70.1181
10 4775 19.9343
10 5014 60.303
10 13183 30.0024
10 2566 27.1575
10 6083 55.5926
10 14791 45.1573
10 741 71.3275
10 5606 37.0216
10 11006 66.0916
10 5896 87.9093
10 7858 1.99031
10 6730 8.9974
10 10500 73.3876
11 3 37.2319
11 17 42.7526
11 42 99.2864
11 56 18.9851
11 140 37.8759
11 505 68.2781
11 3381 96.1414
11 5825 89.7278
11 6004 30.5732
11 6784 66.9581
11 14913 31.2148
11 3567 26.711
11 3488 84.9557
11 12342 34.0829
11 1072 81.2216
12 4 86.082
12 13 63.7621
12 28 44.0212
12 92 74.3754
12 147 14.2006
12 200 80.6854
12 660 61.6931
12 673 40.0155
12 1443 60.8306
12 1585 97.5904
12 12189 85.9653
12 1652 23.3296
13 12 63.7621
13 126 59.6506
13 276 16.9056
13 774 13.9082
13 1255 86.0736
13 6126 92.5231
13 8814 38.3964
13 9065 72.0581
13 14428 8.29141
13 4648 46.5146
13 4470 15.7714
13 8683 82.2567
14 10 55.3221
14 322 92.5441
14 871 29.634
14 3896 1.09454
14 5850 62.014
14 9606 23.8153
14 11338 4.40828
14 7441 29.4357
14 5504 79.5856
14 9566 18.9931
14 1596 26.9201
14 9266 63.4756
15 4 58.9902
15 21 47.7944
15 119 32.483
15 191 5.36665
15 231 29.9774
16 7 84.4126
16 18 22.7418
16 24 45.14
16 129 95.0064
16 137 7.02997
16 278 93.3689
16 382 6.04311
16 1503 85.7605
16 5896 34.4044
16 13631 23.2687
16 9102 37.9108
17 11 42.7526
17 22 33.7972
17 30 11.5927
17 35 88.9902
17 54 45.7068
17 88 68.5328
17 244 4.59448
17 396 44.7337
17 563 64.1187
17 746 89.1967
17 1463 56.185
17 1560 77.02
17 1672 24.7985
17 2138 97.3497
17 3613 85.2252
17 4183 14.2145
17 12328 85.046
17 5475 3.40275
17 1682 71.0974
17 13670 84.3289
17 8391 83.1577
17 10256 44.2801
18 16 22.7418
18 33 77.0975
18 87 64.7828
18 460 31.2478
18 749 61.137
18 1207 25.4278
18 1431 28.347
18 1596 33.6243
18 14239 52.1793
18 9021 76.3439
18 11038 43.7762
18 2896 6.07124
19 9 59.4539
19 411 84.3921
19 431 85.2617
19 2376 62.1017
19 5968 23.6173
19 7448 7.57276
19 13548 24.8326
19 7694 9.72019
19 11544 53.3383
19 7062 23.6061
19 34 85.8186
19 11088 90.7815
20 1 51.0164
20 32 64.1208
20 44 48.3676
20 138 32.0951
20 215 44.5384
20 263 44.3498
20 628 60.0583
20 762 65.1047
20 926 13.9793
20 1165 96.1615
20 5957 48.4178
20 7533 93.7634
20 6369 65.7672
20 13958 14.025
20 8539 90.1667
20 2838 34.6129
20 6472 7.28284
20 11200 59.2764
21 15 47.7944
21 48 34.7616
21 84 15.6672
21 90 86.5508
21 246 74.098
21 248 33.5637
21 408 55.1613
21 719 24.4593
21 5856 19.2371
21 6100 17.8337
21 8744 73.1223
21 13887 51.1082
21 5533 63.7956
21 13945 8.65036
21 13957 39.91
21 5411 16.3011
21 7960 99.37
22 17 33.7972
22 27 95.8018
22 47 24.0555
22 661 33.9326
22 1738 13.6908
22 13600 65.9431
22 8905 67.9531
22 6812 27.1813
22 995 64.9412
22 6821 23.2129
22 1745 5.3804
22 12317 55.7743
23 4 92.0151
23 226 85.304
23 282 74.6683
23 284 53.3647
23 656 85.7147
23 662 97.9283
23 3384 98.374
23 4379 75.0233
23 4842 58.1464
23 10843 55.6783
23 8652 16.3571
23 2461 45.7537
23 11676 66.2417
23 3551 65.9158
23 9073 78.4823
24 16 45.14
24 34 93.1086
24 201 10.8302
24 233 93.2783
24 439 44.1487
24 1921 72.4868
24 5796 43.2793
24 7415 33.8067
24 7592 49.0641
24 14117 53.7746
24 11491 16.828
24 11325 21.2693
24 10802 77.8162
24 11021 49.5648
24 6607 21.2882
24 8676 75.7069
25 8 70.7243
25 43 67.3254
25 69 29.9673
25 80 40.7766
25 103 91.1459
25 293 1.06222
25 619 3.83955
25 4226 40.9808
25 12729 46.9033
25 8368 20.7012
25 10102 75.1817
26 3 65.4054
26 41 48.9218
26 79 77.5525
26 82 71.1895
26 255 9.17744
26 391 37.4441
26 810 36.7527
26 13033 71.3993
26 7878 64.9581
26 8035 87.0336
27 22 95.8018
27 380 72.6324
27 506 41.2408
27 805 29.2665
27 12452 3.6412
27 13710 12.0618
27 13955 72.684
27 13684 22.4768
27 11681 83.2201
27 2590 71.1755
27 5955 81.2867
27 5375 1.09014
27 5706 92.916
27 3444 8.90879
27 14892 79.0169
28 12 44.0212
28 39 96.7529
28 150 2.63213
28 174 97.0375
28 213 16.9607
28 466 78.8475
28 654 16.2549
28 1034 36.2719
28 1900 62.6589
28 11100 42.2704
28 13655 5.67935
28 1087 45.6018
28 10762 91.3825
28 8490 97.1489
28 6703 74.2745
29 1 13.8018
29 31 80.8669
29 40 95.3285
29 45 56.5464
29 93 21.3028
29 99 33.2967
29 135 2.2233
29 1489 41.7603
29 1557 24.0242
29 2441 86.0802
29 4537 98.6992
29 4633 77.3746
29 12362 93.2043
29 2446 16.3471
29 13288 32.4527
29 13115 68.9348
29 14648 91.9381
30 17 11.5927
30 83 14.6162
30 228 71.3872
30 229 81.1602
30 342 61.1699
30 353 73.148
30 438 4.58323
30 479 99.7564
30 742 20.1134
30 9170 22.1606
30 13429 73.7995
30 3454 81.0553
30 8966 58.08
30 3858 51.1327
30 9273 74.853
30 13594 35.2489
30 2379 63.7941
30 994 70.1007
31 29 80.8669
31 148 43.0146
31 203 46.2449
31 327 44.9807
31 1314 77.5184
31 1718 84.8282
31 2692 60.5726
31 4276 85.5078
31 13672 65.6456
31 13727 92.1302
31 10658 61.0029
31 1379 42.6851
31 4435 87.2437
31 1486 77.7864
31 2781 99.8764
31 10520 47.2813
31 8483 27.9265
32 20 64.1208
32 112 7.03582
32 2713 41.8497
32 4090 28.8824
32 4106 26.4423
32 1682 33.3754
32 14847 94.7434
33 18 77.0975
33 225 16.7286
33 296 44.4434
33 1326 88.2346
33 3267 87.7771
33 7280 99.1664
33 13499 9.26023
33 7142 88.8393
33 4667 2.77401
33 9683 31.9785
33 3790 93.3236
33 5628 61.6999
34 24 93.1086
34 62 67.5339
34 123 92.1384
34 206 49.3541
34 428 62.4481
34 1334 83.8001
34 2599 24.2147
34 7299 19.1647
34 6351 4.82896
34 4798 92.4825
34 1280 5.85575
34 12313 24.9799
34 19 85.8186
34 1226 83.9919
34 1263 46.6928
34 12909 16.7849
35 17 88.9902
35 50 29.7163
35 51 69.7423
35 65 79.3896
35 171 68.9229
35 1695 46.3844
35 2292 53.5034
35 2563 51.4955
35 14420 96.8195
35 14701 17.2212
35 13451 59.3874
35 689 20.5849
35 12022 41.8944
35 8822 75.8181
35 12187 81.1102
36 0 18.8156
36 38 91.1402
36 53 59.786
36 94 58.2047
36 152 73.5435
36 183 24.9065
36 501 91.6785
36 1796 57.5426
36 6453 57.6465
36 7831 47.1321
36 14345 87.0126
36 4864 58.1577
36 3841 12.0715
36 4485 77.5399
37 7 76.6936
37 456 12.7352
37 4371 37.272
37 13960 14.9783
37 12534 47.8978
37 12622 39.1765
37 11341 69.4992
37 4310 10.5943
37 6627 26.9414
38 36 91.1402
38 72 43.6298
38 483 13.1778
38 625 88.7183
38 13477 16.8324
38 14607 83.1306
38 2947 69.1784
38 12281 21.021
38 4630 95.1839
38 5047 73.9047
38 12796 83.0685
38 13145 77.8763
39 28 96.7529
39 106 17.7468
39 107 81.2182
39 595 38.9889
39 2352 91.8375
39 804 60.9906
39 8996 60.9726
39 926 8.52274
39 9379 11.9718
39 14811 39.877
39 12467 18.4245
40 29 95.3285
40 164 59.4189
40 252 8.84014
40 605 76.5669
40 849 29.6839
40 1333 49.0075
40 1357 60.2738
40 5619 20.5905
40 13502 79.5522
40 12340 71.3271
40 10379 11.6299
41 26 48.9218
41 68 76.324
41 128 16.0513
41 361 31.799
41 1086 51.9142
41 2798 4.89955
41 8987 46.3204
41 5123 12.4147
41 2498 42.935
41 12138 4.14963
41 6734 87.2222
41 7586 77.5785
41 9143 26.7512
42 11 99.2864
42 315 85.9977
42 5823 68.6812
42 10581 5.85832
42 8354 5.48599
42 13381 85.2341
42 8183 66.6734
42 69 55.6908
43 25 67.3254
43 97 17.708
43 116 46.1464
43 131 32.894
43 730 84.2588
43 1573 81.4084
43 6104 14.7707
43 10708 96.4044
43 5225 58.1612
43 8716 33.2209
43 11640 39.746
43 14837 67.156
43 8687 51.3914
43 11634 12.4139
43 1946 1.38239
44 20 48.3676
44 6005 11.6619
44 7516 88.1169
44 4487 18.9045
44 6503 56.8212
44 480 66.5149
44 874 91.4553
44 9411 80.518
44 8852 9.14894
44 6288 62.4578
44 8377 13.2128
45 29 56.5464
45 132 77.2171
45 420 46.5301
45 2172 67.6434
45 2356 25.3017
45 4580 61.4925
45 9847 43.15
45 13071 15.6202
45 3747 22.5737
45 8727 92.4123
45 1659 75.2279
45 6611 4.04304
45 2839 88.4536
46 6 31.7029
46 70 54.9663
46 74 12.4527
46 289 33.4358
46 442 53.8819
46 5606 36.985
46 8518 93.7149
46 8804 90.7648
46 4655 50.4693
46 8488 13.6076
47 22 24.0555
47 78 18.5607
47 110 56.507
47 161 41.0717
47 429 90.4401
47 480 23.8179
47 665 85.6044
47 694 67.6251
47 1917 34.0758
47 4927 1.1599
47 6496 81.007
47 11825 83.1625
47 13378 65.6847
47 4764 28.8936
47 9037 30.5358
48 21 34.7616
48 73 64.1714
48 89 96.6964
48 162 41.7793
48 182 32.2205
48 13050 93.3658
48 7497 52.7607
48 1757 93.0461
48 14108 20.1628
48 11100 29.3099
48 1404 46.6094
48 11980 9.49481
48 10795 4.35115
48 76 61.9242
48 1165 80.3387
48 10656 56.6151
49 4 55.9469
49 52 53.4271
49 134 52.9616
49 167 35.7787
49 2330 44.7684
49 4381 54.6572
49 3761 60.2879
49 11869 22.6542
49 12923 38.8713
49 14791 38.3782
49 8876 39.5886
49 7522 36.7329
50 35 29.7163
50 141 11.2335
50 663 23.6605
50 1674 2.73616
50 7692 58.8217
50 9597 74.3435
50 9534 71.0968
50 1324 93.746
50 1070 86.2072
50 8519 21.4251
50 4135 49.9381
50 2986 42.5247
51 35 69.7423
51 98 86.5708
51 330 96.7087
51 593 97.595
51 1015 72.9302
51 3359 39.1283
51 11013 2.57048
51 4262 43.2361
51 3598 9.5153
51 4589 2.13753
52 49 53.4271
52 55 78.8561
52 58 95.2448
52 71 51.9815
52 169 62.6438
52 188 22.4617
52 432 28.7276
52 609 36.6442
52 1851 92.9342
52 2824 56.2453
52 10779 69.2587
52 13761 96.006
52 13995 32.1625
52 4687 50.3742
52 13628 51.8064
52 3369 97.7348
52 9768 77.4545
52 9062 97.6759
53 36 59.786
53 1993 64.8195
53 2747 26.8852
53 11088 73.5198
53 13257 66.239
53 13142 39.1846
53 7426 47.7939
53 4141 50.755
53 12360 19.1678
53 2428 76.091
53 6484 38.4721
54 17 45.7068
54 703 18.3453
54 1120 42.3404
54 1336 99.9759
54 1746 9.11813
54 7238 49.7957
54 10785 20.8151
54 11626 8.55192
54 8109 26.9836
54 5588 86.8296
54 13523 69.0858
54 5504 76.1259
55 52 78.8561
55 115 9.45069
55 555 83.8859
55 6255 58.2827
55 13947 39.411
55 3041 96.0381
55 11926 36.2094
55 12241 6.42643
55 4248 91.5397
55 11647 86.351
55 677 15.5533
55 7872 58.2521
56 11 18.9851
56 133 25.8197
56 222 5.79083
56 1899 66.6421
56 3337 68.3961
56 3831 21.898
56 14623 63.0337
56 2290 37.5175
56 2885 34.9269
56 7331 19.7979
57 3 29.3963
57 111 91.2887
57 309 79.7574
57 333 72.7436
57 1002 48.7948
57 1622 43.225
57 3917 63.2554
57 12529 16.7781
58 52 95.2448
58 77 76.5719
58 407 55.7384
58 640 86.8177
58 928 72.0326
58 2718 64.7302
58 13522 29.2713
58 8373 2.65729
58 7823 52.6083
58 9237 91.7233
58 11077 70.4356
58 2112 55.1377
58 5314 35.1352
58 4059 24.756
59 9 21.5256
59 218 50.4684
59 374 6.96189
59 523 21.6241
59 14212 14.2354
59 6780 13.7158
59 4343 23.0289
59 6641 60.3983
59 1414 94.3085
59 8319 85.9848
60 0 79.9747
60 121 62.4078
60 437 20.7622
60 548 81.3614
60 734 48.7094
60 935 51.7534
60 2758 67.7518
60 2887 55.9067
60 14916 2.56087
60 13408 14.6586
60 11733 77.3041
60 12059 24.0616
60 2479 13.1239
60 14616 68.8018
60 1985 81.216
60 13065 34.4046
61 3 48.1123
61 96 81.1301
61 125 25.3023
61 421 55.8315
61 721 78.8817
61 2663 96.424
61 2369 74.7584
61 6546 82.0584
61 9411 84.163
61 8707 47.6471
61 8587 74.4832
62 34 67.5339
62 149 4.67232
62 194 17.5867
62 524 26.505
62 1042 11.4846
62 2704 96.7312
62 4383 83.9708
62 11242 42.0984
62 13018 64.3088
62 14575 2.46384
62 3964 56.168
62 8194 88.9499
62 2139 45.6745
62 13783 99.4817
62 9801 97.868
62 13323 57.393
62 10699 90.3687
62 9808 69.0413
62 8801 90.8022
63 5 14.6038
63 185 62.2578
63 211 46.8046
63 516 60.3831
63 1306 18.8492
63 11093 56.3434
63 8964 92.0192
63 10737 37.3825
63 13636 34.5641
63 12198 73.9848
63 6457 78.2505
63 5820 32.7056
63 12594 15.1767
64 6 51.4291
64 104 61.8564
64 156 30.9116
64 591 46.8099
64 964 12.5234
64 1009 95.7319
64 14814 56.2138
64 377 43.6584
64 9535 57.1269
65 35 79.3896
65 66 77.9541
65 419 61.4302
65 558 23.5422
65 841 47.8062
65 9406 2.42677
65 12227 51.6907
65 8976 32.5165
65 4517 21.1712
65 14227 81.5925
65 10214 3.48206
65 12101 37.6076
65 5027 76.9147
66 65 77.9541
66 76 36.7768
66 311 28.3641
66 6907 83.9115
66 10267 16.1245
66 14707 52.4965
66 4079 70.6674
66 7389 13.8599
66 10197 3.83509
66 8085 93.2788
67 6 32.4696
67 113 80.8569
67 493 55.7671
67 2600 50.6034
67 2605 61.9754
67 4018 12.4225
67 4374 33.5786
67 9194 23.6334
67 10441 61.103
67 4426 38.0086
67 12918 71.5735
67 4451 39.743
67 8957 2.47451
68 41 76.324
68 86 85.4243
68 392 53.4953
68 1626 36.8796
68 2123 99.7898
68 3541 7.93167
68 12345 3.47076
68 9779 37.0968
68 13049 50.2219
69 25 29.9673
69 75 26.4609
69 234 43.8302
69 338 22.6741
69 945 85.2467
69 1170 69.8664
69 4159 82.1726
69 8637 42.4097
69 12480 72.484
69 42 55.6908
69 2215 90.3992
70 46 54.9663
70 241 76.4771
70 303 16.6266
70 381 38.4139
70 3852 27.4321
70 4710 34.3245
70 10066 27.9571
70 12510 77.4228
70 14189 10.131
70 7878 29.3835
70 10290 64.2672
70 13400 6.47424
70 8463 12.6231
70 14331 33.5288
70 5213 18.3801
71 52 51.9815
71 771 87.0015
71 1511 24.119
71 2682 17.6292
71 5753 57.7359
71 11038 92.1926
71 3772 80.5112
71 4438 4.3421
71 4045 92.168
71 7439 14.0461
71 5983 73.1061
71 6279 69.0423
71 2892 19.1164
71 10008 1.44418
72 38 43.6298
72 158 72.6806
72 204 14.7704
72 474 65.0262
72 7466 46.4926
72 3818 81.8786
72 5080 85.9076
72 7892 94.291
72 478 75.7207
72 2591 62.8607
73 48 64.1714
73 139 83.7691
73 508 1.97795
73 525 73.6437
73 586 94.4231
73 823 5.64568
73 4556 61.454
73 11821 81.5716
73 4857 51.8913
73 7152 75.5746
73 14893 51.9408
73 8967 43.7831
73 2809 45.0378
73 7187 89.5684
73 7209 26.0644
74 46 12.4527
74 118 24.4292
74 4501 4.53844
74 7325 46.3278
74 10392 98.0019
74 12558 2.39634
74 14467 16.8809
74 6228 16.8966
74 2901 19.5751
75 69 26.4609
75 122 89.6975
75 257 97.3578
75 1202 2.85606
75 2969 38.6997
75 7310 66.6156
75 12903 35.5262
75 3511 50.8231
75 5698 35.3534
75 286 99.219
75 4392 43.6942
75 11767 95.5551
75 5530 11.9234
76 66 36.7768
76 130 35.2177
76 221 98.3652
76 2083 13.5927
76 8110 60.7074
76 11360 47.361
76 13718 19.3211
76 10198 11.7289
76 1997 85.9783
76 13799 22.1923
76 48 61.9242
76 8069 86.433
77 58 76.5719
77 114 75.9674
77 1720 9.09732
77 2743 93.0801
77 5197 46.5666
77 5912 6.1706
77 7647 3.20794
77 12765 37.5628
78 47 18.5607
78 532 48.9006
78 970 61.991
78 1578 98.3166
78 2642 17.821
78 11561 95.0568
78 1058 51.8402
78 566 98.0722
78 6154 56.3444
78 14943 75.2715
78 9894 17.9309
79 26 77.5525
79 298 14.4892
79 369 37.1531
79 471 8.43981
79 632 94.5285
79 5162 71.5149
79 5293 21.912
79 5927 57.2652
79 9435 19.9573
79 8461 21.0288
79 7024 86.1154
79 4806 7.85765
79 6514 66.9236
80 25 40.7766
80 319 94.6421
80 931 81.1307
80 1019 25.2023
80 1615 29.7751
80 1705 57.4992
80 2644 5.36503
80 7849 79.7051
80 9623 93.1333
80 10816 69.9162
80 13982 67.4148
80 6994 93.6202
80 3433 77.8083
81 1 12.1454
81 85 7.10766
81 307 60.1664
81 2147 83.4098
81 3435 7.87328
81 6323 57.0914
81 3788 72.1834
81 10670 47.4705
82 26 71.1895
82 166 4.50691
82 269 10.8807
82 351 99.9962
82 1141 5.43511
82 5599 77.6845
82 10438 68.9685
82 6725 38.304
82 10937 48.925
83 30 14.6162
83 163 94.3831
83 178 71.5809
83 279 53.6339
83 1521 23.3798
83 11202 63.4991
83 3227 76.1376
83 14279 1.35468
84 21 15.6672
84 168 54.3009
84 468 91.8447
84 583 64.534
84 3827 81.4414
84 4742 62.4452
84 4933 64.8065
84 12459 34.8628
84 9143 20.6951
84 14022 11.6617
84 11453 77.4804
84 8775 86.635
84 10201 2.76807
84 7394 80.9054
85 81 7.10766
85 127 4.83237
85 404 83.6094
85 723 96.0371
85 12192 52.4623
85 2226 87.7573
85 7608 18.6042
85 2099 74.7483
86 68 85.4243
86 187 20.3574
86 2634 68.7399
86 4010 27.4697
86 6414 9.15743
86 14850 62.8536
86 6795 80.0175
86 5303 29.4257
86 3431 39.275
86 6538 44.2197
86 7464 4.36626
87 18 64.7828
87 195 20.6905
87 260 73.7766
87 1048 16.1851
87 1076 88.6504
87 1962 94.0677
87 2509 58.2814
87 7900 33.9845
87 13580 65.4048
87 13610 70.2672
87 3934 97.401
88 17 68.5328
88 100 92.8859
88 146 94.5834
88 323 35.4873
88 3797 61.7247
88 13908 84.5547
88 14180 64.9082
88 10219 18.9965
89 48 96.6964
89 120 2.3716
89 398 82.3332
89 6054 78.1208
89 12381 30.5509
89 9514 84.1748
89 8521 49.9128
89 6709 11.7075
89 13601 97.8655
89 4882 87.2823
89 8606 75.15
89 14040 85.3332
90 21 86.5508
90 117 39.2989
90 325 84.4484
90 367 32.6965
90 2702 85.685
90 5847 4.60726
90 12314 37.6237
91 10 28.3786
91 297 86.7031
91 360 39.2731
91 564 41.1914
91 1208 56.8078
91 9240 93.8326
91 7794 49.7596
91 9202 9.4285
91 4639 58.3477
91 13186 34.0075
91 14993 49.9017
91 8597 50.351
91 13597 67.1129
92 12 74.3754
92 108 43.3855
92 358 44.8592
92 1436 44.7195
92 2968 70.8899
92 8341 78.9296
92 9069 49.932
92 9377 90.0382
92 4587 46.4589
92 2378 70.4562
92 12464 78.0556
92 3878 91.9842
92 6852 15.0031
93 29 21.3028
93 101 5.63896
93 689 52.3651
93 830 21.6922
93 1123 80.3319
93 1455 15.5369
93 10791 8.90909
93 9859 49.1167
93 1072 42.5768
93 3818 31.2272
94 36 58.2047
94 236 59.429
94 5286 61.7247
94 6289 75.0213
94 13051 30.3938
94 14877 47.5309
94 5539 70.3118
94 5378 22.4839
94 8142 4.61991
94 9332 18.8178
94 5557 97.9224
94 11311 37.4561
95 9 53.1193
95 1210 20.5983
95 4603 95.4879
95 9156 48.4224
95 14179 7.99127
95 9038 60.3299
95 12915 80.3503
95 2173 30.0196
95 11152 7.53798
95 6017 51.6747
95 11489 33.9034
95 10467 92.2409
96 61 81.1301
96 8381 25.9332
96 3512 83.5285
96 12033 53.1435
97 43 17.708
97 543 61.3823
97 1069 11.546
97 7100 71.236
97 5917 1.53015
97 7749 34.464
97 6185 35.6226
97 14306 50.7818
98 51 86.5708
98 645 30.0851
98 790 33.6655
98 1074 87.3678
98 3140 92.6397
98 4971 27.3549
98 12576 70.122
98 1149 38.9914
98 8416 65.4739
98 4066 70.0983
99 29 33.2967
99 671 48.485
99 791 71.1329
99 873 98.7277
99 2377 35.5252
99 2445 31.5306
99 4287 42.2815
99 4397 73.7363
99 603 24.9205
99 3747 28.3602
99 6628 19.7378
99 5936 27.5608
99 9571 54.3084
99 544 61.7027
99 7678 25.4295
100 88 92.8859
100 143 91.9331
100 867 19.9129
100 1600 76.2764
100 3123 16.3226
100 14683 97.5288
100 13597 39.271
100 8296 15.9661
100 8803 1.33787
101 93 5.63896
101 192 33.698
101 262 77.2548
101 481 94.6785
101 795 30.7414
101 1613 42.9414
101 4650 25.3967
101 2499 39.2886
101 12559 42.8639
101 4716 21.8773
101 2877 92.0951
101 11131 66.7282
101 12486 14.264
101 2817 58.2322
102 1 35.0296
102 302 59.5196
102 1147 72.3549
102 2585 89.5975
102 4469 44.635
102 6815 6.44607
102 7022 71.7055
102 13787 13.852
102 7146 56.5675
102 9157 49.4956
102 11072 19.777
102 11112 39.2441
102 11409 21.8668
103 25 91.1459
103 1908 69.3471
103 3234 62.5486
103 4891 30.0648
103 5385 54.8421
103 5421 9.26073
103 9705 17.9073
103 915 90.5381
103 6651 27.706
103 8244 87.7855
104 64 61.8564
104 124 11.2467
104 142 56.3581
104 1203 1.40095
104 8080 53.6818
104 12081 17.957
104 14070 29.9775
104 3379 96.1719
105 4 29.8173
105 176 19.6439
105 272 5.81568
105 441 95.1087
105 978 21.7123
105 7507 6.41731
105 10400 82.3282
105 11213 82.2759
105 14953 32.6622
105 13942 82.661
106 39 17.7468
106 181 27.9459
106 193 87.9708
106 589 19.1732
106 7837 54.6824
106 8076 57.4952
106 5243 6.62671
106 14886 69.5037
106 2305 81.6915
107 39 81.2182
107 199 70.7263
107 1174 42.1584
107 2980 63.0767
107 10453 35.9247
107 7749 29.0738
107 14000 53.8461
107 13909 42.5438
108 92 43.3855
108 190 7.84936
108 294 86.1135
108 643 9.15642
108 4127 76.9514
108 9396 14.9205
108 10248 29.8873
108 11110 69.8842
108 13647 4.26642
108 3813 42.2969
108 6534 34.0539
108 548 69.3918
108 3492 13.1739
108 14079 37.3298
109 9 52.4246
109 196 67.1807
109 301 48.5226
109 425 18.8546
109 615 66.7449
109 1647 20.3855
109 1840 97.352
109 2905 29.1479
109 4515 6.31564
109 4581 28.1808
109 12838 95.121
109 1366 9.46239
109 5236 9.60852
109 9834 2.39212
109 4685 28.6455
110 47 56.507
110 208 1.24087
110 235 80.9883
110 1813 77.2869
110 2080 31.6781
110 4004 71.265
110 11169 76.1905
110 11456 18.5098
110 12231 33.5909
110 12039 99.2516
110 8328 15.1545
110 4704 34.4424
110 10404 54.4637
110 8544 99.6818
110 14487 62.3024
110 6859 86.1918
110 7652 44.2264
111 57 91.2887
111 153 8.91759
111 316 43.7199
111 446 10.1728
111 717 92.9692
111 868 2.89343
111 955 51.582
111 2284 37.6218
111 5305 71.5049
111 10580 14.0246
111 3397 84.6259
111 6891 94.0953
111 7704 28.3909
111 13474 44.5124
111 3943 53.5005
111 11022 48.8767
112 32 7.03582
112 572 49.601
112 1206 43.0145
112 1994 74.5263
112 10144 96.4317
112 3750 49.3424
112 7857 20.6076
112 11522 67.9715
112 6537 60.7974
113 67 80.8569
113 461 44.9559
113 1070 56.1133
113 1730 3.63672
113 2302 68.3818
113 3840 21.9556
113 3484 11.5396
113 6326 51.0571
113 13017 97.1619
113 6523 33.3224
113 6360 83.0986
113 13111 77.0393
114 77 75.9674
114 426 24.9514
114 1515 78.335
114 2398 40.0024
114 14717 35.9405
114 8096 43.3541
114 6535 98.4226
115 55 9.45069
115 371 45.4299
115 5126 18.2573
115 13848 86.3382
115 4886 19.1335
115 1967 4.71979
116 43 46.1464
116 151 9.20665
116 449 1.30329
116 754 54.7423
116 956 55.6036
116 2763 44.1016
116 11822 6.79363
116 5740 50.8725
116 4301 26.7496
116 14600 89.8406
116 10516 72.3804
116 6911 92.9914
117 90 39.2989
117 2971 92.0496
117 9937 51.4369
117 12857 55.5697
117 9289 60.4447
117 8634 44.6511
117 8709 13.2771
118 74 24.4292
118 210 17.1463
118 610 62.7071
118 2992 15.5405
118 12750 39.0945
118 13724 74.4558
118 8940 72.0408
118 10647 44.522
118 12567 92.678
118 13235 47.9605
118 9683 29.3457
118 12216 59.0998
119 15 32.483
119 179 52.9134
119 348 7.04375
119 800 30.132
119 3143 76.4061
119 3284 5.81316
119 9550 39.6267
119 8491 5.21515
119 11094 52.4132
119 5973 65.8972
119 1513 11.9227
119 7098 18.6179
119 8657 85.8888
119 8954 23.5967
119 13131 26.574
119 3068 78.7435
120 89 2.3716
120 1132 70.1877
120 1614 95.8698
120 1998 1.72791
120 7474 60.0923
120 7643 4.17557
120 10205 92.4743
120 11222 85.5821
120 1890 64.9364
120 12464 10.1389
120 781 31.2762
120 5228 28.4497
120 3961 93.6871
120 2519 93.8877
120 11398 7.39334
121 60 62.4078
121 237 33.7067
121 250 54.7432
121 3265 99.2499
121 7046 39.0018
121 1544 71.4588
121 2010 93.1903
121 9043 74.4805
121 12777 86.586
121 919 11.2841
122 75 89.6975
122 1624 16.2497
122 1906 47.6469
122 3208 92.9327
122 6724 56.1988
122 8576 21.3938
122 14773 29.1053
122 5412 68.733
122 6977 98.9935
122 12470 76.1277
122 4495 60.6051
122 3540 40.3854
122 4942 34.5954
123 34 92.1384
123 145 64.2224
123 220 96.3845
123 2177 87.7552
123 3546 34.9147
123 3676 37.3631
123 12723 46.0761
123 10078 4.68685
123 6590 34.43
123 14911 37.6878
123 13113 3.707
124 104 11.2467
124 216 68.7653
124 1307 23.3789
124 2290 11.7228
124 4281 27.6608
124 11434 22.6698
124 8971 86.7902
124 13144 91.4706
124 11660 21.2211
124 5232 83.1625
125 61 25.3023
125 189 77.9748
125 349 77.8216
125 540 25.7549
125 844 47.3385
125 5257 95.9767
125 6314 93.2573
125 7160 43.8135
125 7995 76.5563
125 1233 32.5084
125 875 57.6702
125 1002 40.5149
125 9716 48.3507
125 8075 24.4208
126 13 59.6506
126 290 13.8353
126 1033 30.0695
126 1079 61.1569
126 1295 83.0046
127 85 4.83237
127 157 76.4559
127 570 79.2722
127 918 64.6914
127 1330 13.1634
127 1379 92.9029
127 13465 19.6316
127 3781 54.4695
127 10512 67.9806
128 41 16.0513
128 136 12.5645
128 1990 11.3111
128 2408 97.3098
128 7347 20.4484
128 11349 65.6378
128 13873 61.5678
128 14619 8.03035
128 4752 65.6413
128 4233 42.2028
128 9626 80.0924
128 4113 73.5428
128 13818 15.8703
128 2287 82.1508
128 6562 49.61
128 4656 61.0688
128 1617 23.6057
129 16 95.0064
129 230 25.7465
129 286 2.01575
129 574 10.9203
129 714 38.9806
129 786 69.5685
129 5893 80.3294
129 5937 79.1245
129 7405 44.2445
129 13511 44.7059
129 12338 55.0986
129 3070 52.899
129 4097 9.4591
129 9710 80.2724
130 76 35.2177
130 710 9.2032
130 3204 25.5748
130 5343 67.2865
130 10804 65.4538
130 14964 51.9524
130 8023 44.8631
130 13216 51.634
131 43 32.894
131 197 15.1331
131 622 38.1073
131 891 32.5138
131 2582 57.1539
131 13667 87.2519
131 7579 52.5322
131 2678 57.5798
131 13320 17.1167
131 13642 76.6677
131 13460 20.4855
131 1380 45.6844
131 14820 35.2515
131 7706 25.0391
131 2737 23.6838
131 2009 23.8135
131 3241 97.3028
132 45 77.2171
132 388 70.8954
132 8777 37.3962
132 3571 37.1663
132 8662 1.43328
132 2268 86.1433
132 9695 38.3633
133 56 25.8197
133 344 3.5994
133 359 19.1361
133 454 92.4856
133 708 81.7241
133 1087 71.3209
133 1713 28.8756
133 5563 47.3963
133 12783 37.9777
134 49 52.9616
134 1439 37.5188
134 2360 76.1613
134 7109 3.97813
134 10268 39.7463
134 12176 85.0246
134 3283 8.89551
134 4740 63.4688
134 3316 36.4608
134 10019 85.479
134 5148 57.9956
135 29 2.2233
135 2035 75.4864
135 2169 64.3788
135 3271 32.8127
135 3808 1.00264
135 6910 45.5029
135 5344 55.8294
135 14326 91.8309
135 11368 82.4811
136 128 12.5645
136 154 49.8393
136 165 59.7457
136 418 86.7307
136 716 37.7189
136 1588 95.4066
136 1678 5.92196
136 2699 66.7826
136 3076 45.2277
136 4025 78.7038
136 9152 32.0398
136 9405 56.8773
136 12211 18.4552
136 8352 92.7764
136 13998 84.7731
137 16 7.02997
137 1035 59.251
137 6538 87.1695
137 7547 94.2319
137 4054 92.8453
137 11447 99.4472
137 2434 10.3862
137 12700 43.7977
138 20 32.0951
138 527 4.62962
138 799 77.5287
138 1828 91.3133
138 9525 62.1045
138 2835 15.2032
138 5550 46.7302
138 3005 22.5461
138 13547 52.0938
138 12625 9.92022
138 5229 66.6906
138 10723 97.8863
139 73 83.7691
139 258 20.2338
139 390 3.05797
139 862 26.2107
139 1205 72.3132
139 1385 9.22648
139 1574 45.7946
139 1783 71.1151
139 2892 17.2821
139 6511 68.4443
139 2961 30.2615
139 5944 49.9839
139 11453 59.8519
139 3857 81.6464
139 8236 26.4553
139 9641 70.4156
140 11 37.8759
140 253 88.5626
140 627 4.50318
140 880 30.6381
140 2059 20.2614
140 5770 58.9163
140 6945 11.2956
140 14733 97.1024
140 8042 27.7979
140 5685 51.0311
140 10002 95.6004
140 11606 87.3251
140 13161 72.3799
141 50 11.2335
141 373 13.6791
141 377 92.0209
141 402 85.5337
141 584 68.0327
141 729 1.92638
141 2701 71.5339
141 12877 31.3512
141 13917 71.3126
141 1728 17.9164
141 3630 37.2051
141 3117 46.7498
141 5058 77.4972
142 104 56.3581
142 6288 48.6377
142 8781 86.4794
142 13186 20.4727
142 7377 46.3019
142 7462 31.4363
142 421 70.1322
142 11443 84.5787
143 100 91.9331
143 155 10.5673
143 172 73.0927
143 357 33.9027
143 403 9.93017
143 3203 83.1182
143 7003 44.3862
143 8370 18.5261
143 10395 13.4972
143 13903 74.4909
143 6873 34.1735
143 10263 26.5027
143 3647 5.78769
143 6248 68.9321
143 1031 77.3885
143 13199 86.0493
144 1 61.4664
144 198 14.6069
144 317 93.8227
144 487 20.7
144 568 13.9817
144 877 64.8427
144 3502 72.0809
144 5284 86.713
144 7572 50.6931
144 1721 62.604
144 5061 63.3231
144 596 10.2289
144 2600 74.814
144 9466 23.3027
145 123 64.2224
145 1586 13.8513
145 2392 88.3129
145 3025 34.4171
145 3184 30.6399
145 5198 99.7019
145 10854 50.0277
145 2299 13.9892
145 2864 11.2315
145 4133 65.3326
145 1902 27.9503
145 13543 90.7813
145 4532 88.9729
146 88 94.5834
146 212 74.567
146 921 59.0859
146 1707 89.6773
146 3391 59.7366
146 11519 15.086
146 5935 56.1644
146 9610 80.104
146 4185 84.3953
147 12 14.2006
147 1040 60.508
147 1414 34.3529
147 2097 53.978
147 13460 4.53903
147 5473 79.6912
147 4770 73.3368
148 31 43.0146
148 560 62.0136
148 608 53.8903
148 1845 92.1849
148 2309 4.7491
148 3863 38.064
148 13839 9.06538
148 13015 57.4233
149 62 4.67232
149 202 93.8741
149 534 79.3033
149 554 5.84168
149 1038 37.1638
149 4358 9.56094
149 5498 11.3406
149 6115 94.698
149 11650 8.06454
149 12642 69.41
149 2779 34.3614
149 6930 2.72681
149 8171 82.3367
149 11544 69.7433
149 6956 37.5874
150 28 2.63213
150 10641 19.7765
150 5776 10.89
150 4281 15.1578
150 6776 52.9899
150 11797 98.0935
150 2115 78.5537
150 735 39.4281
150 6731 8.03563
151 116 9.20665
151 184 72.8751
151 422 33.7458
151 430 99.6185
151 526 94.7207
151 2929 99.01
151 3738 35.0873
151 7486 12.7211
151 10883 54.208
151 13515 35.6028
151 13449 81.9003
151 12520 11.9106
151 12851 54.5477
152 36 73.5435
152 314 98.0672
152 1809 32.9941
152 4604 47.4147
152 4642 53.2262
152 11441 66.4177
152 13830 65.7927
152 11121 93.9785
152 10011 7.77896
152 5130 5.00552
152 10881 69.9458
152 11720 33.4195
153 111 8.91759
153 160 56.4374
153 175 26.353
153 285 46.8574
153 882 58.0004
153 1251 14.0145
153 2793 30.8106
153 4802 23.3872
153 7794 36.155
153 14226 1.82864
153 13480 64.5588
153 12868 80.7012
153 8611 52.6938
153 13555 70.3921
153 4518 18.6384
153 4669 26.5446
153 2482 88.4237
153 10483 59.7635
153 9913 48.5564
153 12365 13.1334
154 136 49.8393
154 180 67.6806
154 1125 85.0229
154 2462 88.8985
154 12848 91.753
154 7639 82.9469
154 11137 64.5345
154 7823 70.1422
154 6458 59.8414
155 143 10.5673
155 337 33.4669
155 1963 83.4975
155 6476 37.103
155 10515 40.5049
155 7670 41.6931
155 7956 18.8171
156 64 30.9116
156 908 84.2186
156 3752 2.97467
156 6993 87.5143
156 11159 8.50545
156 7994 52.4828
156 5324 71.9897
156 8460 60.1137
157 127 76.4559
157 170 13.647
157 3670 44.658
157 14703 32.9108
157 9319 85.4712
157 14531 51.4183
157 1557 31.1823
157 5168 83.0238
157 6693 83.4377
157 6456 8.60284
157 11060 72.4988
158 72 72.6806
158 240 20.7501
158 11837 80.5536
158 4205 34.5263
158 12993 7.23455
158 13787 57.9573
158 6033 16.7796
158 14026 87.3884
159 5 74.3945
159 224 75.6647
159 267 38.5854
159 300 95.3072
159 472 58.4677
159 620 44.0496
159 1476 27.0469
159 7391 51.6037
159 8442 61.1194
159 11675 13.3644
159 13031 50.4687
159 1156 41.8647
159 9368 47.3188
159 7625 70.3638
159 2507 92.3387
159 12111 60.4428
159 7610 80.0183
160 153 56.4374
160 209 58.5199
160 239 40.0489
160 379 26.5608
160 713 7.67427
160 2346 94.2263
160 5605 67.1353
160 6529 10.5128
160 9201 80.597
160 494 2.52832
160 2885 21.4467
160 11597 81.4142
160 14476 17.0603
160 11248 48.4526
161 47 41.0717
161 227 96.3667
161 393 68.0032
161 688 81.1047
161 765 69.9056
161 1629 46.4857
161 2108 19.3724
161 5662 30.7642
161 8810 64.5243
162 48 41.7793
162 280 62.2256
162 346 66.1064
162 2810 86.1992
162 3851 8.45629
162 11509 5.07649
162 5071 78.4546
162 8868 24.8329
162 11613 65.2532
162 5071 77.4815
162 869 50.5077
163 83 94.3831
163 305 18.8766
163 341 99.3158
163 394 81.2312
163 653 20.0791
163 683 62.1225
163 1820 14.6431
163 2056 20.93
163 2386 40.0394
163 6543 90.3408
163 8191 90.9745
163 7652 16.8475
163 4270 4.30319
163 11854 77.6889
163 12840 40.2966
164 40 59.4189
164 529 17.4401
164 924 68.3028
164 1243 48.9892
164 1411 8.05694
164 2160 30.4031
164 12506 54.2904
164 9748 48.9483
164 5756 95.2988
164 1694 70.5688
165 136 59.7457
165 207 17.9322
165 375 44.8056
165 590 55.0291
165 669 50.0314
165 2029 88.0393
165 10713 31.4113
165 3378 52.3933
165 10815 9.41236
165 5985 26.5694
166 82 4.50691
166 838 27.6877
166 2276 84.7613
166 4573 60.1149
166 7951 73.9207
166 3939 54.6329
166 8411 93.5241
166 11697 79.4562
166 8626 91.2374
166 11473 88.2295
166 13246 64.7629
167 49 35.7787
167 356 53.7465
167 549 30.6298
167 1331 44.1164
167 3607 21.7211
167 8704 35.3347
167 13320 91.0306
167 14405 23.7378
167 2547 33.4842
167 12995 16.637
167 13469 76.2129
167 9560 43.0074
168 84 54.3009
168 223 39.3959
168 334 10.1396
168 3977 20.3252
168 8741 50.453
168 11219 33.3822
168 12543 59.8349
168 7006 81.0497
168 749 14.0147
168 12154 61.1591
169 52 62.6438
169 515 31.8329
169 6825 71.3503
169 9532 4.56448
169 14383 43.743
169 12506 29.3354
169 5351 46.6609
169 10964 22.1553
169 9591 3.87036
169 8088 36.8909
169 10626 30.7665
169 10797 65.0485
169 14432 68.7068
170 157 13.647
170 581 70.5843
170 982 49.6024
170 1159 9.00809
170 1406 29.5073
170 6436 29.7255
170 6060 10.1782
170 14814 31.0261
170 6941 79.1875
170 5354 16.0076
170 11503 2.89439
171 35 68.9229
171 1188 66.3501
171 1771 97.8257
171 2452 40.356
171 9128 41.8189
171 1954 66.794
171 12954 74.1828
171 3803 3.71158
171 7471 22.6659
171 12243 79.7592
171 2451 91.3031
171 5135 45.6164
172 143 73.0927
172 238 9.46699
172 249 76.0938
172 495 64.0744
172 499 53.7864
172 561 26.4783
172 751 36.4117
172 5741 50.0565
172 8312 47.5924
172 11846 51.0165
172 8926 13.6936
172 4939 69.9028
172 6422 12.4163
173 6 93.8669
173 3565 91.5339
173 7917 2.18832
173 10662 58.6315
173 11709 52.1511
173 282 35.9834
173 1934 8.84348
173 5221 95.0288
174 28 97.0375
174 214 94.7519
174 265 19.9302
174 507 50.1033
174 1413 14.7308
174 2443 43.5809
174 2876 15.1
174 8093 91.036
174 14381 45.3469
174 7956 78.8641
174 4674 34.2835
174 8169 99.5221
174 4139 54.8267
174 3391 35.2291
175 153 26.353
175 611 63.4495
175 3709 18.7664
175 12856 49.7584
175 7923 57.078
176 105 19.6439
176 497 91.8079
176 1339 62.7713
176 2996 19.581
176 10576 79.3015
176 13530 17.5607
176 14714 29.4265
176 9138 57.795
176 14714 76.429
176 14336 82.738
176 450 25.6224
177 10 70.1181
177 243 55.6394
177 321 73.3191
177 2449 33.3861
177 14290 91.6239
177 7108 96.7062
177 3612 7.68955
177 12853 2.69315
177 2684 71.5416
177 13268 88.6285
178 83 71.5809
178 328 44.3288
178 1817 54.4156
178 10102 65.4747
178 5543 45.0137
178 869 3.96665
178 6257 41.1316
178 1238 56.3001
179 119 52.9134
179 494 27.7912
179 5656 39.27
179 6950 40.3931
179 2339 79.4503
179 14357 55.4119
179 8283 22.9379
179 2184 35.8112
180 154 67.6806
180 245 53.9886
180 299 33.5637
180 3847 92.8243
180 4526 96.8252
180 14147 61.845
180 14154 48.5572
180 12626 8.56426
181 106 27.9459
181 863 29.8025
181 1965 43.0246
181 9820 36.8669
181 10264 49.3335
181 12404 72.0358
181 14708 79.1404
181 10352 48.562
181 9995 78.0736
182 48 32.2205
182 186 22.3573
182 205 6.67196
182 1394 72.5488
182 8931 80.2191
182 10519 9.03878
182 8047 52.6642
183 36 24.9065
183 3660 74.4257
183 9897 9.58407
183 5939 69.7872
183 9209 62.9195
183 5755 67.3244
183 12125 78.116
184 151 72.8751
184 1528 34.0842
184 1568 35.4708
184 4818 82.7096
184 8308 18.4784
184 5142 73.972
184 6197 80.626
184 3171 94.5074
184 7237 92.3502
184 9132 86.901
185 63 62.2578
185 547 19.3118
185 835 98.6018
185 1789 74.4241
185 2748 70.8265
185 4807 16.4163
185 6035 16.1693
185 7030 69.5422
185 10592 56.827
185 11402 25.9601
185 14067 61.803
185 2808 17.5655
185 1249 14.7358
185 14304 12.1144
185 533 93.7733
186 182 22.3573
186 2049 76.5553
186 2259 14.5992
186 8816 73.1454
186 7529 75.4942
186 14613 61.3481
186 12333 3.62526
186 11641 87.0758
186 9295 15.7981
186 7751 71.8376
186 1107 24.9631
186 292 3.33136
186 12827 23.5871
187 86 20.3574
187 520 83.162
187 1372 83.6357
187 1805 76.8101
187 7699 81.2257
187 14711 52.8274
187 7025 49.5848
187 1128 68.12
187 11637 18.0065
187 12148 93.9151
187 5931 89.5393
187 2708 24.5377
187 7478 31.2574
188 52 22.4617
188 1201 1.40016
188 2622 9.02536
188 5383 49.4372
188 11444 97.7918
188 14436 1.98429
188 11895 13.2923
188 12735 95.2058
188 1219 82.8623
188 10788 54.2539
188 6153 87.3823
188 427 42.607
188 4596 81.2332
188 3593 1.92068
189 125 77.9748
189 264 89.7111
189 1553 25.4985
189 3979 60.3118
189 10072 73.7948
189 13773 18.47
189 3372 27.9627
190 108 7.84936
190 347 13.7461
190 911 72.0004
190 1010 62.3559
190 4034 23.1478
190 4719 68.1153
190 13651 15.4289
191 15 5.36665
191 283 2.69301
191 295 46.4864
191 1162 62.2995
191 6594 40.67
191 10571 68.2707
191 6548 20.9239
191 9022 93.5766
191 11177 60.2242
191 13660 98.3573
191 14341 7.57175
191 12826 20.3895
191 3898 41.6945
192 101 33.698
192 326 76.8355
192 1719 99.4793
192 3051 45.3749
192 5338 5.07608
192 9409 39.4218
192 12396 58.1458
192 14100 1.05954
192 14215 31.6087
192 5071 58.9547
192 12272 87.8089
192 2353 94.3719
192 4084 25.2837
192 4125 44.4194
193 106 87.9708
193 364 68.752
193 1911 55.6526
193 1913 71.7632
193 7167 78.1839
194 62 17.5867
194 2683 34.8157
194 13893 90.9876
194 2172 47.641
194 13693 42.7942
195 87 20.6905
195 232 79.3798
195 254 47.2251
195 1748 7.76806
195 3895 72.272
195 10097 43.9983
195 2281 38.3987
195 2264 23.2498
195 5276 57.589
195 5021 93.6215
195 2922 48.533
195 765 11.0306
195 7175 30.9391
195 7585 9.2236
196 109 67.1807
196 378 18.6307
196 406 56.3807
196 598 7.35704
196 1974 96.1903
196 6318 48.8524
196 10823 48.0927
196 10954 6.23004
196 3955 92.9607
196 2748 85.7446
196 13060 3.34464
196 7257 60.6739
196 13672 77.9645
197 131 15.1331
197 424 25.0687
197 4803 30.1917
197 5135 80.7438
197 6846 38.0769
197 7850 11.4287
197 9261 43.0159
197 10607 37.119
197 6016 91.9859
197 847 10.0558
197 885 58.4997
197 5465 57.3888
197 9212 43.8037
197 2370 47.0075
197 476 27.4254
198 144 14.6069
198 1075 84.958
198 1118 80.8437
198 4539 73.9208
198 5453 7.74359
198 7406 77.3521
198 3743 21.2807
198 2021 66.6307
198 10140 85.0494
198 6379 8.90523
199 107 70.7263
199 1134 44.3352
199 3242 50.8749
199 4251 43.4671
199 7344 48.7089
199 7359 88.7593
199 10539 38.9598
199 3007 51.6923
199 2525 84.1512
200 12 80.6854
200 757 84.6285
200 7960 8.95709
200 10265 92.4117
200 10360 59.2344
200 3187 16.3104
200 7750 86.9742
200 3524 59.1846
200 9175 35.5856
200 10050 3.93518
201 24 10.8302
201 219 67.7607
201 266 18.3162
201 3548 11.7785
201 4107 71.1238
201 8648 27.8837
201 11966 33.9926
201 12584 2.15566
201 3406 35.2384
201 3695 59.026
201 11108 8.67719
201 5409 62.7128
202 149 93.8741
202 491 64.2496
202 1420 1.15157
202 1936 68.5752
202 2064 79.3608
202 2437 59.0276
202 3128 44.3668
202 3386 93.8428
202 6918 37.9132
202 8936 92.5748
202 2058 92.2717
202 2729 28.1586
202 8843 45.8233
202 9611 15.0952
202 3233 92.5556
202 6862 13.6234
202 4928 81.2289
202 14138 19.7122
202 13871 70.7906
202 12575 34.5773
203 31 46.2449
203 271 25.8981
203 324 25.605
203 8962 45.832
203 7815 40.8852
203 8642 26.8724
203 14409 90.2544
203 13076 14.4594
204 72 14.7704
204 741 20.0201
204 923 23.6335
204 1000 70.5806
204 1238 38.7083
204 1843 60.4957
204 2190 43.632
204 9432 74.4629
204 3457 78.1426
204 10238 9.05639
204 13282 89.4564
204 11953 82.7789
204 10699 17.8128
204 1367 39.1012
205 182 6.67196
205 1263 50.3949
205 1729 44.8016
205 2336 43.5143
205 12292 41.4704
205 14804 86.1399
205 10904 73.7094
205 9187 29.6266
205 1876 97.6322
206 34 49.3541
206 1355 51.3022
206 2525 4.17376
206 5057 79.4842
206 13997 21.0209
206 3593 48.4307
206 9773 83.7657
206 3548 81.4771
207 165 17.9322
207 2044 57.284
207 7138 25.1611
207 10198 82.5714
207 961 19.8959
207 9359 16.8754
207 1458 19.0689
207 4830 53.2126
207 4612 80.8048
207 12060 50.8294
207 7717 21.9425
208 110 1.24087
208 626 38.8913
208 699 11.3117
208 973 28.9401
208 1284 12.686
208 1876 13.2443
208 2200 38.5585
208 3785 3.96765
208 6469 91.6132
208 9091 75.676
208 10286 51.4234
208 1486 85.9488
208 13591 39.2262
208 9118 32.0457
209 160 58.5199
209 306 36.2772
209 541 70.5044
209 1546 68.2762
209 3402 13.7111
